4294967279,286
4294967279,381
57,0
57,7
57,6
4294967278,238
4294967278,237
4294967278,234
4294967278,310
4294967278,156
4294967278,253
4294967279,250
4294967278,236
4294967278,232
4294967278,230
4294967278,228
4294967278,226
4294967278,224
4294967278,222
4294967278,218
4294967279,218
4294967278,213
4294967278,212
4294967278,211
4294967278,210
4294967278,208
4294967278,207
4294967278,206
4294967279,205
4294967278,203
4294967279,204
4294967278,198
4294967278,197
4294967278,196
4294967278,195
4294967278,194
4294967278,193
4294967278,192
4294967278,190
4294967278,189
4294967278,188
4294967278,185
4294967278,181
4294967278,176
4294967279,177
4294967279,173
4294967278,171
4294967279,167
4294967279,165
4294967278,163
4294967279,163
4294967279,157
4294967279,156
4294967278,154
4294967279,152
4294967279,174
4294967279,260
4294967294,186
4294967279,380
4294967294,5
4294967278,569
4294967279,285
4294967279,379
4294967279,142
4294967278,568
4294967279,283
4294967279,273
57,5
57,4
57,3
57,2
57,1
4294967279,268
4294967278,275
4294967294,89
4294967294,909
4294967294,161
4294967294,963
4294967279,280
55,5
55,4
4294967279,262
55,3
55,2
55,1
4294967278,567
4294967278,286
4294967278,566
53,6
53,5
53,4
53,3
53,2
53,1
4294967279,248
4294967278,246
4294967279,244
4294967278,242
52,5
52,4
52,2
52,1
4294967278,565
4294967278,0
51,4
51,3
51,2
51,1
4294967279,231
4294967278,229
9,3
4294967294,469
4294967279,225
4294967278,223
8,2
4294967294,81
4294967294,392
4294967294,46
4294967294,120
4294967278,564
8,4
4294967279,378
4294967278,563
4294967279,203
4294967279,377
4294967278,562
4294967279,376
4294967278,561
4294967279,375
4294967279,191
4294967279,190
4294967279,189
4294967278,186
4294967278,184
4294967279,304
4294967278,309
4294967278,308
4294967278,180
4294967278,179
4294967278,178
4294967279,178
4294967278,175
4294967278,173
4294967279,175
9,4
4294967279,301
4294967278,306
4294967279,172
4294967279,171
4294967278,169
4294967279,170
4294967278,167
4294967279,168
4294967278,299
4294967279,295
4294967278,165
4294967279,166
4294967279,293
4294967278,298
4294967279,164
4294967278,560
4294967279,292
4294967294,6
4294967278,132
4294967278,131
4294967278,130
4294967278,129
4294967278,128
4294967278,127
4294967278,126
4294967278,125
4294967278,124
4294967278,123
4294967278,122
4294967278,121
4294967278,120
4294967278,119
4294967278,118
4294967278,117
4294967278,116
4294967278,115
4294967278,114
4294967278,113
4294967278,112
4294967278,111
4294967278,110
4294967278,109
4294967278,108
4294967278,107
4294967278,106
4294967278,105
4294967278,104
4294967278,103
4294967278,102
4294967278,101
4294967278,100
4294967278,99
4294967278,98
4294967278,97
4294967278,96
4294967278,95
4294967278,94
4294967278,93
4294967278,92
4294967278,91
4294967278,90
4294967278,89
4294967278,87
4294967278,86
4294967278,85
4294967278,84
4294967278,83
4294967278,82
4294967278,81
4294967278,80
4294967278,79
4294967278,78
4294967278,77
4294967278,76
4294967278,75
4294967278,74
4294967278,73
4294967278,72
4294967278,71
4294967278,70
4294967278,69
4294967278,68
4294967278,67
4294967278,66
4294967278,65
4294967278,64
4294967278,63
4294967278,62
4294967278,61
4294967278,60
4294967278,59
4294967278,58
4294967278,57
4294967278,56
4294967278,55
4294967278,54
4294967278,53
4294967278,52
4294967278,51
4294967278,50
4294967278,49
4294967278,48
4294967278,47
4294967278,46
4294967278,45
4294967278,43
4294967278,42
4294967278,41
4294967278,40
4294967278,260
4294967279,22
4294967279,19
4294967279,18
4294967279,15
4294967279,14
4294967279,12
4294967279,10
4294967279,9
4294967279,8
4294967279,7
4294967279,6
4294967279,5
4294967279,4
4294967278,161
4294967279,162
4294967278,160
4294967278,159
4294967278,158
4294967278,157
4294967278,559
4294967278,44
4294967279,374
4294967278,155
4294967278,39
4294967278,292
4294967279,288
4294967278,558
4294967278,38
4294967279,287
4294967278,557
4294967294,388
4294967279,148
4294967279,373
4294967278,147
4294967278,290
4294967279,147
4294967278,146
4294967278,145
50,5
50,4
50,3
50,2
50,1
4294967278,289
4294967294,107
4294967294,2
4294967279,372
4294967294,22
4294967294,99
4294967278,137
4294967294,905
4294967294,90
4294967294,86
4294967294,419
4294967279,282
4294967278,288
4294967294,0
4294967279,136
4294967279,371
4294967279,0
4294967278,556
4294967294,53
4294967294,921
4294967294,920
4294967294,1415
4294967294,28
4294967294,399
4294967294,27
4294967294,398
4294967294,168
4294967294,112
4294967294,175
4294967294,455
4294967279,133
4294967278,133
4294967278,276
4294967294,7
4294967278,273
48,5
48,4
48,3
48,2
48,1
4294967279,266
4294967279,370
4294967278,280
4294967279,261
4294967279,369
4294967294,94
4294967294,96
4294967278,278
4294967279,276
4294967278,262
46,5
46,4
46,3
46,2
46,1
4294967279,368
45,4
4294967279,367
45,2
45,1
0,7
4294967294,68
4294967294,11
4294967294,9
4294967294,8
4294967294,389
4294967294,93
4294967294,95
0,5
4294967279,252
4294967279,366
4294967279,365
4294967279,249
4294967279,364
4294967294,39
4294967294,17
4294967294,41
4294967294,50
4294967294,417
4294967278,244
4294967279,247
4294967279,242
4294967279,240
4294967279,235
4294967278,233
4294967278,227
4294967279,227
4294967279,223
4294967294,25
4294967294,915
4294967294,26
4294967279,221
4294967278,219
4294967278,216
4294967279,216
4294967279,363
44,5
44,4
44,3
44,2
44,1
4294967279,362
4294967279,361
4294967294,970
4294967278,202
4294967279,360
4294967278,201
4294967279,202
4294967278,200
4294967279,201
4294967279,200
4294967279,199
4294967279,196
4294967279,198
42,5
42,4
4294967279,197
42,3
